-5.00478 -2.20299 0.670091 
-4.88258 -3.10157 -0.0928891 
-4.39015 -3.83889 -0.879547 
-3.58148 -4.33844 -1.58905 
-2.5438 -4.54905 -2.12783 
-1.39221 -4.4512 -2.4161 
-0.260491 -4.06523 -2.39773 
0.719727 -3.45674 -2.05399 
1.46218 -2.72936 -1.41635 
1.98739 -1.97697 -0.572567 
2.40977 -1.20091 0.328836 
2.75931 -0.295204 1.10407 
2.94144 0.797772 1.61339 
2.86544 1.99092 1.78476 
2.50415 3.1243 1.61289 
1.8892 4.0411 1.14695 
1.09079 4.62244 0.471398 
0.20147 4.7968 -0.308471 
-0.677249 4.54313 -1.07874 
-1.4442 3.89142 -1.72581 
-2.01031 2.92229 -2.14654 
-2.31117 1.76358 -2.2603 
-2.32623 0.577388 -2.02584 
-2.09856 -0.483797 -1.46105 
-1.73098 -1.36235 -0.652872 
-1.3028 -2.14421 0.241411 
-0.749772 -2.91679 1.03701 
 0.0358925 -3.6493 1.60179 
 1.04906 -4.23677 1.86423 
 2.19005 -4.58035 1.80777 
 3.32658 -4.62323 1.46205 
 4.32915 -4.35433 0.888819 
 5.08931 -3.80048 0.169054 
 5.52611 -3.01879 -0.604689 
 5.59217 -2.0899 -1.33538 
 5.27824 -1.11183 -1.92633 
 4.61907 -0.192878 -2.28828 
 3.6983 0.561824 -2.35037 
 2.64638 1.07048 -2.07684 
 1.61169 1.31239 -1.4844 
 0.683465 1.36521 -0.652044 
-0.189789 1.35858 0.268235 
-1.13209 1.28192 1.07708 
-2.17837 1.00458 1.62779 
-3.22565 0.462146 1.84751 
-4.12242 -0.314411 1.72631 
-4.74168 -1.23833 1.30823 
